633
648
526
584
420
847
283
150
130
208
119
261
865
115
237
832
129
189
939
291
19
148
156
170
196
231
283
492
915
145
86
51
902
623
170
459
926
212
344
302
406
251
877
212
661
614
306
310
701
166
467
845
430
656
211
485
492
357
389
189
564
791
234
985
123
69
358
243
944
778
906
916
845
637
885
768
271
944
509
582
925
973
790
750
677
241
621
246
412
684
966
570
823
155
738
615
17
892
90
592
256
63
365
923
260
550
999
792
771
443
215
548
847
807
264
590
1
484
308
882
447
112
830
260
811
336
94
691
899
270
751
378
854
916
326
862
609
866
491
127
241
829
475
968
470
418
722
17
891
148
614
533
584
208
146
145
232
105
113
923
457
309
892
501
692
837
694
930
481
401
981
134
992
181
641
617
637
862
790
393
614
78
799
752
655
218
793
646
770
182
630
504
754
567
670
931
936
973
277
632
724
791
535
490
166
481
540
403
566
528
507
370
314
719
310
380
509
141
846
474
44
48
161
299
770
477
380
426
511
709
680
663
585
158
668
822
542
310
586
175
677
390
80
243
674
261
191
35
258
290
422
796
128
803
589
677
631
237
720
688
102
115
892
856
847
844
785
156
51
488
837
200
554
671
796
653
967
917
625
510
287
345
168
221
288
884
536
781
569
991
191
306
590
898
74
562
498
223
395
830
475
35
983
770
453
223
243
456
7
936
709
713
611
210
402
756
947
671
569
963
308
4
587
60
297
532
610
656
598
234
155
744
523
794
35
253
361
398
768
65
641
81
775
632
282
477
694
380
497
317
615
827
654
431
523
472
447
924
473
920
612
587
858
772
781
965
191
817
176
149
396
549
902
505
322
227
229
954
777
819
837
231
160
281
619
328
91
92
272
563
805
437
925
848
453
55
223
3
851
317
287
877
204
348
921
67
924
150
110
296
244
493
147
653
83
382
428
577
154
454
874
99
545
612
344
959
624
55
52
268
5
226
104
461
533
960
27
811
360
553
404
941
982
975
320
312
290
272
765
72
627
645
849
397
443
188
332
591
4
962
442
869
98
841
292
19
389
686
121
123
355
616
218
600
51
932
117
570
293
32
669
353
290
980
640
359
376
706
19
345
628
435
808
397
111
534
844
141
683
301
923
604
152
643
716
12
428
250
347
510
72
761
298
971
293
90
580
117
202
933
642
683
668
775
494
919
807
820
489
516
89
975
887
992
109
66
202
646
264
629
931
127
360
508
274
866
137
836
104
22
954
727
939
750
658
241
936
376
150
796
204
607
760
831
421
96
874
306
862
228
888
933
853
572
3
516
323
160
501
627
783
970
717
468
561
362
36
138
334
868
129
825
497
468
425
325
366
528
88
178
992
830
973
875
134
22
874
368
747
142
917
776
874
523
14
234
890
293
270
60
60
737
972
994
100
63
436
386
147
677
150
795
73
324
634
952
996
841
334
540
487
668
390
192
951
352
950
974
454
192
435
74
259
28
118
255
858
979
776
71
585
489
221
70
992
123
704
551
888
61
237
49
958
729
572
392
348
780
44
747
113
462
931
954
243
77
536
45
206
380
95
18
65
263
955
998
448
320
200
829
648
399
87
394
955
386
116
529
456
726
907
78
936
30
958
124
557
266
827
915
586
660
345
508
966
220
984
695
774
573
943
28
581
214
100
713
375
538
999
857
960
7
588
480
472
17
81
35
305
831
442
182
493
284
243
987
55
578
427
736
401
420
755
883
782
879
496
722
930
245
748
20
267
969
955
579
73
865
36
949
139
950
390
942
132
762
535
298
970
112
659
796
111
264
457
541
252
705
697
593
520
358
104
60
83
422
915
523
329
664
914
190
543
478
597
450
30
812
751
21
344
199
751
818
586
952
909
4
513
414
328
367
168
443
429
781
846
331
860
709
846
13
968
307
198
470
254
633
666
7
511
440
953
677
250
321
606
285
474
131
513
912
11
914
336
548
22
100
49
816
604
699
951
42
175
332
231
445
621
117
698
276
337
507
903
887
414
491
194
108
175
562
856
730
197
934
3
55
970
650
448
154
584
850
403
812
488
912
502
917
91
162
664
357
432
237
575
503
12
449
135
530
906
940
642
43
842
222
845
240
329
177
474
971
668
544
692
487
105
91
400
501
988
276
17
13
897
500
298
959
359
499
43
522
516
917
247
643
208
361
969
266
67
263
589
914
688
692
688
887
545
89
399
920
49
633
542
631
923
629
145
343
924
885
881
830
134
951
456
750
297
49
279
744
122
134
435
726
686
103