223
564
439
872
376
122
646
283
921
576
672
294
226
938
484
984
315
825
715
715
443
363
501
323
583
569
928
7
543
804
767
243
219
556
417
438
237
299
871
930
853
611
57
787
334
443
985
250
397
788
392
543
908
264
856
859
63
116
290
806
193
640
740
118
809
429
76
669
522
47
748
17
953
785
862
831
307
714
988
140
584
679
609
755
413
224
334
955
699
557
375
121
10
66
738
214
871
939
978
905
368
316
727
350
40
375
589
124
401
26
553
349
127
151
223
514
31
984
705
585
96
121
969
965
672
628
8
888
47
649
959
367
735
84
771
268
951
259
715
38
635
210
554
674
4
26
993
859
842
225
183
886
235
394
809
248
346
762
678
412
367
700
78
752
66
187
613
43
379
955
562
771
270
667
949
885
567
295
962
646
635
149
47
822
466
73
133
342
275
523
921
190
581
304
671
934
133
801
609
817
413
950
480
887
662
412
617
567
444
923
681
52
799
33
776
218
654
255
286
992
54
271
768
855
35
373
191
965
996
15
753
765
686
146
233
684
669
160
161
55
456
565
898
351
842
870
390
548
527
453
281
878
515
616
763
142
182
624
853
289
221
651
571
429
171
915
365
654
799
92
549
495
94
232
537
488
372
418
14
164
983
642
439
543
734
874
250
70
382
91
503
46
307
872
833
804
994
470
180
926
505
736
749
435
904
786
784
284
80
275
770
764
611
689
305
579
213
28
695
296
666
295
272
708
589
504
189
222
398
732
494
902
238
87
659
248
892
4
639
947
91
966
990
107
321
738
435
617
567
255
592
966
775
884
261
211
464
41
846
401
598
563
885
347
781
867
527
524
31
58
686
210
388
747
206
700
304
165
387
850
70
571
654
144
141
527
128
354
826
448
784
852
157
239
349
527
81
644
326
453
212
910
587
510
568
382
579
28
678
560
906
299
654
995
331
28
909
742
206
254
740
173
697
582
274
834
53
150
398
678
619
660
839
934
638
159
983
144
575
759
948
100
675
267
542
485
199
162
907
322
618
339
439
72
713
40
214
6
237
734
330
429
629
999
940
247
460
719
357
173
45
766
167
446
306
641
498
431
40
788
636
890
242
77
61
281
221
767
221
599
944
977
906
841
429
519
470
675
326
295
25
479
804
735
278
851
172
992
765
73
541
783
965
449
98
439
188
553
939
659
26
693
499
757
229
67
859
325
18
787
171
822
106
744
764
158
86
507
798
210
110
229
2
149
58
161
12
458
744
990
331
917
736
666
270
332
980
48
507
212
991
847
975
978
901
719
678
222
684
940
353
681
754
729
550
797
691
350
699
68
55
402
581
27
456
254
87
439
475
432
178
39
1
587
218
263
253
23
248
339
483
790
773
803
637
650
163
7
116
472
641
630
348
439
157
590
266
948
523
648
633
239
746
253
763
314
680
168
512
288
544
668
102
361
584
264
629
777
389
805
91
80
324
4
791
547
691
561
430
628
996
305
500
599
706
244
45
521
41
324
969
995
495
827
927
972
529
987
855
893
960
489
559
717
557
553
915
743
461
216
623
120
737
884
292
240
169
503
654
340
220
109
736
66
835
96
585
496
76
819
19
704
705
537
667
507
745
782
42
154
329
302
60
825
700
850
258
610
536
688
804
26
333
515
674
852
753
493
882
462
968
419
667
642
198
918
414
201
217
784
495
386
461
501
11
918
49
911
365
985
838
974
960
388
15
992
372
191
862
815
754
252
900
580
186
910
634
417
627
782
436
58
394
751
193
418
565
832
504
756
803
841
128
896
624
993
459
280
627
206
547
224
338
402
31
243
486
880
316
101
284
631
284
583
550
780
581
209
195
597
427
540
686
107
12
912
124
4
956
192
452
355
789
422
236
212
719
992
721
950
932
684
516
404
472
172
558
545
347
843
413
250
85
31
778
8
538
231
391
118
119
482
924
124
649
929
841
862
348
338
62
589
488
245
664
743
24
283
635
839
355
579
657
114
779
202
270
759
643
228
673
488
601
603
831
450
760
393
754
542
330
695
197
9
781
824
762
840
367
36
983
256
596
551
763
540
825
810
345
448
660
83
219
120
665
573
987
884
414
214
982
631
528
94
509
660
382
648
332
955
439
430
393
608
245
418
892
50
840
291
625
949
48
307
882
248
476
78
344
209
836
877
427
153
54
353
728
503
43
103
159
177
479
390
9
230
690
611
875
247
680
937
44
123
589
33
583
222
211
262
184
304
305
124
119
561
4
240
555
891
690
390
8
737
133
448
471
658
298
652
557
864
202
97
528
899
834
304
563
21
769
507
292
781
919
854
871
355
271
447
227
450
57
983
557
290
930
307
990
142
561
924
923
559
705
319
103
208
595
220
727
699
677
534
122
184
99
227
818
278
576
116
387
851
425
107
808
218
540
239
968
527
314
422
459
844
584
732
77
600
752
663
760
52
719
528
773
522
862
373
192
704
488
712
565
446
538
72
134
598
511
884
668
357
251
201
386
256
76
277
600
366
151
219
525
912
356
336
133
897
334
286
356
167
48
265
40
601
857
14
307
512
599
478
89
868
995
404
801
519
142
518
447
585
773
825
553
270
188
652
91
203
939
236
265
226
528
501
310
985
161
784
398
63
969
88
767
672
131
657
917
951
534
613
755
815
838
771
394
222
711
770
414
205
923
105
573
363
213
862
340
494
95
815
358
358
120
385
615
685
58
881
140
530
734
139
668
326
481
449
388
757
108
88
274
391
371
193
140
865
515
405
459
268
317
423
857
718
256
398
695
453
156
708
165
830
630
883
471
784
437
247
881
763
474
583
387
7
542
967
986
926
246
750
171
653
422
871
214
312
281
949
71
83
754
935
602
400
923
444
760
487
722
355
428
269
523
695
793
734
37
851
177
288
411
769
207
405
537
512
409
759
670
159
504
487
176
799
10
539
981
986
84
98
207
499
205
891
322
902
130
726
78
480
276
430
772
782
671
984
728
197
862
411
36
2
817
563
851
940
93
724
685
255
752
50
767
79
82
911
565
316
84
635
382
682
681
191
883
74
715
393
128
26
811
784
125
672
63
206
682
641
40
382
809
406
41
823
727
226
662
693
701
759
420
412
114
227
30
353
320
627
679
777
226
699
597
660
444
968
924
96
17
876
230
923
276
702
825
976
641
858
464
658
411
22
692
368
605
399
671
897
643
710
885
56
961
263
156
111
808
381
379
758
302
567
677
824
530
497
137
412
402
53
712
461
164
22
367
205
7
229
56
46
297
28
452
307
991
175
961
14
546
715
168
261
479
705
357
844
344
868
838
108
262
260
496
591
997
424
892
940
895
951
104
580
325
334
462
274
115
371
833
356
535
123
865
686
884
451
981
459
665
523
860
139
391
947
783
38
532
861
309
567
283
22
118
595
612
588
936
146
243
83
729
973
35
482
573
140
394
809
706
547
442
434
275
373
92
964
189
377
551
424
742
254
62
267
74
514
6
271
74
296
515
836
216
582
793
886
104
908
375
644
644
722
155
762
125
848
746
744
504
647
399
559
594
819
340
475
911
768
409
60
134
123
736
410
32
606
218
692
579
205
860
281
2
907
780
21
99
300
142
225
767
261
767
427
897
955
242
397
243
318
974
336
499
316
510
521
986
745
730
519
630
54
165
299
786
118
557
687
39
320
377
611
627
185
292
872
356
309
513
77
364
821
450
262
230
525
781
686
397
260
35
353
570
623
594
713
96
468
640
779
398
555
358
922
941
364
708
315
24
637
165
677
233
653
155
809
604
903
69
261
337
871
290
778
286
24
42
4
591
579
777
887
668
733
678
809
464
528
320
866
816
467
662
760
96
357
121
916
469
785
110
193
399
380
443
527
265
580
637
917
322
705
724
445
860
277
9
499
975
345
345
77
583
203
444
869
210
530
683
928
902
125
535
805
470
584
488
289
291
151
545
883
890
403
544
112
743
217
899
818
349
622
941
124
440
34
609
197
935
573
318
735
896
709
15
198
170
918
975
276
789
720
208
824
800
462
186
181
658
333
126
992
630
865
580
281
184
412
366
436
975
292
354
717
833
809
987
182
389
347
941
825
242
624
30
629
414
117
323
978
847
429
538
603
448
325
105
32
129
733
15
758
553
539
300
497
366
491
991
990
474
4
791
312
391
301
751
6
835
951
866
67
89
387
589
547
753
751
270
508
705
955
53
655
332
184
272
702
324
532
263
923
126
332
504
843
637
227
212
147
574
99
196
178
867
947
669
166
950
753
744
615
222
483
286
519
951
137
979
207
30
49
682
304
688
943
941
756
883
745
910
526
539
123
933
606
759
874
788
385
515
107
752
571
787
647
701
642
47
985
892
500
247
6
118
526
417
892
489
923
6
912
283
205
842
218
76
99
549
680
759
77
348
595
692
923
297
111
516
42
242
299
710
897
853
410
280
534
6
408
189
867
385
864
379
602
823
547
729
570
571
603
94
367
227
815
153
652
313
195
229
307
377
448
682
707
202
385
352
433
938
542
93
141
491
892
691
484
216
90
100
749
382
946
470
639
205
344
671
38
258
628
221
811
180
882
491
937
183
672
401
438
195
297
632
30
510
953
875
335
125
668
436
224
95
479
925
430
978
43
502
858
713
315
175
310
322
282
961
608
401
754
301
544
689
661
555
86
315
440
130
252
468
337
912
589
193
996
716
700
957
61
958
141
170
542
725
880
122
322
708
228
991
267
933
370
368
891
535
433
924
839
116
538
913
250
390
377
402
586
118
325
565
261
651
341
796
161
375
147
936
674
963
993
732
901
260
201
404
543
222
301
462
283
776
118
944
420
227
920
153
348
478
536
204
383
662
731
616
592
574
207
516
388
497
250
876
123
805
13
989
189
972
859
364
816
863
282
484
534
396
376
934
455
994
588
197
428
789
350
239
529
585
811
968
15
784
74
786
526
242
822
614
215
930
963
376
618
172
387
520
381
247
83
197
199
273
62
394
908
54
448
333
456
773
461
604
161
890
350
32
789
496
957
292
574
761
719
524
31
213
578
257
402
829
858
282
503
615
770
742
723
680
877
473
793
489
159
441
470
360
215
728
822
355
731
885
289
790
622
437
554
537
364
696
475
191
931
626
915
179
102
546
121
608
309
110
618
484
498
86
603
278
55
670
997
850
435
48
99
973
992
712
992
334
188
186
316
182
998
602
558
532
526
291
259
669
607
214
47
622
267
804
292
537
833
276
483
693
698
625
756
884
528
942
187
389
553
787
420
124
793
436
486
895
527
72
752
764
412
329
243
221
1
477
706
188
420
456
500
912
702
623
483
374
846
673
4
584
105
869
116
820
794
922
828
831
319
397
10
762
524
719
281
370
382
536
883
52
237
998
969
98
288
507
421
170
952
113
50
854
68
169
659
542
213
423
426
79
648
874
869
24
446
737
388
983
342
114
992
311
790
952
347
107
900
19
533
287
501
659
878
207
347
156
694
356
60
738
157
959
110
804
403
362
129
945
651
550
120
438
827
839
121
739
64
116
821
553
642
194
889
140
577
989
996
663
676
290
44
33
924
603
956
33
202
986
549
985
977
954
368
983
168
64
831
39
87
608
93
579
535
506
97
962
70
970
227
414
365
466
270
361
507
87
513
224
882
88
537
77
566
835
576
687
826
906
971
514
159
958
576
68
198
465
498
418
507
994
963
232
759
136
621
511
684
7
477
82
550
607
157
998
71
16
13
699
929
409
136
163
998
713
256
407
890
202
164
42
589
96
717
888
124
306
318
430
215
66
4
820
430
890
963
551
801
577
997
182
452
798
488
98
858
801
233
47
880
214
621
483
843
435
492
455
889
268
875
764
698
582
485
864
406
316
732
109
749
704
605
313
205
981
590
791
607
619
31
322
74
271
550
1
445
520
976
995
398
509
661
533
702
233
484
869
314
624
692
542
70
125
298
176
608
308
279
862
844
701
848
271
238
554
691
427
33
484
419
885
340
736
710
240
44
72
610
971
497
720
478
982
927
488
252
948
973
374
392
137
242
115
151
697
660
391
295
148
542
57
837
829
206
806
203
333
415
58
133
536
698
307
365
125
224
866
343
750
302
742
454
658
92
282
644
226
586
13
580
652
777
463
430
440
882
648
776
121
286
919
534
915
241
855
439
935
749
26
474
794
48
545
846
799
602
180
737
923
162
977
747
402
478
481
759
235
876
925
243
575
90
222
464
383
208
539
417
236
843
709
476
560
539
785
604
232
616
630
838
703
910
853
958
309
172
133
438
760
96
204
59
824
783
898
704
825
82
463
591
64
762
501
81
453
501
188
862
692
876
528
618
246
87
539
664
237
263
155
211
76
102
657
140
639
650
652
776
641
82
779
150
154
40
774
941
409
773
506
808
983
270
745
884
568
585
812
737
244
234
468
563
926
252
516
962
106
362
441
802
848
412
222
611
98
378
465
207
313
598
255
464
757
347
228
805
356
772
572
54
838
915
532
407
613
216
224
901
523
812
835
48
332
703
959
572
49
135
787
190
120
605
425
645
978
5
805
579
25
710
606
333
789
387
964
933
879
814
997
881
155
564
684
500
762
208
132
54
387
655
757
222
985
383
934
233
491
886
429
609
411
645
876
812
206
503
259
945
739
27
693
235
137
905
36
556
921
924
883
771
873
751
192
370
953
385
347
407
453
731
442
992
385
389
470
510
688
871
295
260
948
186
315
361
962
522
85
80
348
378
312
567
4
657
735
659
453
507
859
820
157
852
492
8
584
700
849
747
436
525
867
50
629
623
822
687
436
831
407
431
301
267
59
75
420
875
988
727
654
811
58
181
13
474
103
97
694
307
776
262
673
338
644
822
511
262
937
380
835
49
223
621
100
428
520
889
793
418
588
709
711
122
94
624
468
686
38
156
521
725
993
129
56
145
758
963
622
237
564
158
938
608
892
605
588
436
82
584
954
214
304
276
719
67
550
551
244
20
354
824
224
781
859
110
56
94
565
954
669
557
267
557
854
430
770
104
229
488
37
33
605
453
201
307
422
717
410
989
595
207
719
602
882
740
934
157
749
783
550
494
871
127
915
398
946
747
422
289
297
447
322
755
983
322
219
770
580
553
687
338
684
576
360
462
837
664
674
114
496
613
354
446
938
543
161
479
538
803
361
675
295
121
692
148
885
963
619
561
521
164
576
196
96
212
810
295
766
453
560
282
73
308
793
683
93
875
817
441
161
739
232
777
192
13
43
563
883
213
577
873
46
113
592
332
37
159
351
726
732
866
713
86
244
79
602
987
328
10
55
10
146
179
401
782
931
799
4
84
170
247
411
554
875
686
237
960
715
461
646
934
525
92
708
295
27
147
534
114
410
56
236
874
158
568
727
866
712
810
400
238
155
268
557
486
455
160
211
557
841
642
272
867
363
120
485
55
470
106
756
785
266
890
673
114
12
537
396
308
958
370
248
905
61
409
780
257
535
223
839
867
935
976
272
767
783
369
512
39
84
673
397
606
55
615
972
264
594
443
474
917
764
902
598
472
394
367
806
953
340
228
520
248
267
889
849
289
618
906
331
643
26
358
225
286
973
642
850
446
437
516
663
93
749
921
104
34
379
800
374
417
562
558
698
855
154
149
340
166
765
683
646
688
113
830
892
406
678
313
498
752
516
361
517
823
565
428
499
345
786
816
910
818
533
913
82
467
659
369
133
824
302
685
681
753
870
974
979
918
30
697
356
66
302
621
900
202
41
875
291
725
650
995
380
948
773
827
156
199
749
425
747
309
181
674
450
831
679
763
952
590
448
580
315
89
461
844
517
911
14
879
427
783
79
407
175
307
305
732
980
43
819
781
169
604
949
47
885
628
172
69
522
277
923
701
278
70
680
291
488
928
311
244
185
869
998
964
231
774
499
143
526
947
783
909
770
666
412
711
140
414
959
888
740
944
358
150
860
377
129
105
627
15
245
53
732
575
596
300
605
985
816
111
129
29
543
575
494
14
930
611
658
968
151
75
968
422
504
240
512
849
104
853
645
395
516
512
703
730
178
196
70
112
106
155
597
848
760
712
402
783
655
847
446
517
447
658
863
170
84
310
71
357
787
756
881
962
466
734
512
32
871
763
836
735
542
546
863
996
477
120
661
792
838
729
194
257
408
129
947
858
648
533
647
867
125
713
325
350
274
634
383
27
200
371
911
891
12
710
975
900
795
867
693
963
648
279
518
59
562
624
555
338
786
654
383
339
117
968
611
828
222
514
722
842
737
634
592
467
817
302
246
697
153
47
64
780
839
683
220
845
195
266
787
649
79
46
241
546
987
573
774
43
100
148
679
281
146
850
227
14
686
51
242
260
379
858
185
739
590
603
499
434
748
765
633
956
726
74
764
691
394
46
480
245
528
203
598
6
368
782
635
989
457
206
159
144
24
527
271
221
860
501
956
384
74
341
295
334
514
723
554
72
87
535
620
640
571
997
732
176
261
180
372
808
968
510
976
543
606
489
932
200
803
543
831
892
90
96
171
187
908
264
491
644
228
563
902
921
586
519
573
27
794
95
959
681
129
148
416
564
364
751
727
25
791
355
269
543
704
727
551
476
826
546
268
996
688
727
580
406
608
56
956
88
916
905
406
708
583
150
763
941
679
607
822
157
537
466
853
873
294
359
218
859
968
98
200
248
826
963
992
402
568
11
956
309
794
639
109
885
948
561
959
554
963
609
796
220
723
111
460
222
873
707
112
249
837
98
120
819
705
158
882
620
158
362
374
669
651
513
362
897
358
968
924
733
399
664
896
359
301
980
525
715
504
770
528
861
898
707
472
697
520
290
181
791
679
340
397
601
235
128
569
210
749
562
864
905
782
379
850
174
202
760
518
725
633
167
117
387
834
513
770
943
42
665
378
69
788
133
55
60
268
295
125
174
411
315
966
941
905
623
79
520
857
299
495
759
771
455
159
512
223
10
767
722
357
625
169
84
184
796
118
649
325
791
906
907
636
345
314
318
200
175
481
212
434
250
87
743
171
619
297
333
974
542
836
258
528
403
816
785
146
883
757
110
505
430
196
66
393
588
123
427
142
840
312
49
528
556
288
107
539
426
913
565
499
784
675
782
954
648
379
234
528
529
173
317
417
372
706
5
55
21
350
582
496
870
192
135
230
788
729
971
116
709
247
720
969
193
611
720
754
413
112
744
209
889
898
613
668
995
631
157
850
283
53
518
76
331
69
628
593
541
553
167
918
408
118
818
282
453
347
225
760
985
250
642
909
606
374
606
972
579
466
235
157
573
122
832
657
728
644
639
124
982
128
214
860
944
826
801
771
81
331
215
648
407
397
864
34
410
608
470
957
462
656
15
75
319
11
346
286
286
161
553
808
708
101
777
857
36
782
965
779
572
835
892
248
251
586
749
177
257
799
248
121
175
682
661
327
114
140
542
933
481
516
486
919
777
407
940
307
619
7
997
628
643
690
385
627
764
766
823
732
261
170
29
487
913
433
634
27
439
451
744
896
240
32
299
57
349
972
471
844
646
443
557
251
801
619
478
484
297
35
563
347
317
809
673
312
487
998
6
345
773
913
867
168
262
102
388
611
392
328
278
791
296
978
87
817
612
778
685
295
955
151
729
405
888
398
579
431
359
987
569
351
967
126
72
732
576
389
988
700
231
866
92
969
756
771
52
338
723
855
699
709
314
711
389
622
185
463
280
864
522
957
253
404
758
927
824
170
907
354
242
223
789
984
64
89
59
760
648
117
346
242
707
503
288
860
37
256
736
449
548
113
110
124
179
273
614
687
211
828
947
881
430
369
614
477
919
329
648
300
564
424
814
164
518
281
251
749
117
898
890
568
433
459
806
129
114
666
806
790
475
371
550
820
169
464
811
338
888
811
940
708
608
437
885
125
299
945
605
897
23
864
571
312
938
380
449
971
563
486
364
254
523
857
824
193
873
994
995
54
469
912
861
306
957
183
959
996
573
681
829
168
61
908
768
611
800
238
881
788
16
839
774
403
447
687
186
751
612
692
251
304
950
551
429
110
4
266
355
755
420
453
398
882
656
197
193
614
90
214
393
636
113
207
39
629
139
458
858
271
997
209
385
881
431
525
217
509
480
658
608
534
883
126
368
563
441
892
747
251
494
571
661
398
299
614
192
743
513
799
971
545
407
84
758
212
68
517
451
131
979
683
134
431
605
859
753
986
838
476
189
246
710
608
776
426
547
986
583
816
334
473
996
681
687
64
127
799
368
157
495
924
442
617
272
811
437
231
793
440
861
205
905
37
611
725
834
799
308
333
664
82
933
634
796
506
687
453
744
542
732
954
619
682
981
264
804
94
336
965
988
317
194
144
955
129
568
959
71
961
229
327
491
35
492
413
990
807
820
765
125
983
486
251
707
906
586
224
56
347
921
740
463
343
344
348
888
790
678
667
937
727
383
783
313
405
463
584
190
568
273
996
274
571
841
5
830
942
436
50
543
345
903
723
40
488
864
149
691
145
525
200
129
153
827
397
601
703
937
303
444
2
35
488
74
924
467
892
502
340
518
945
355
629
125
593
823
660
743
825
541
315
893
45
43
73
867
121
743
444
404
127
5
133
605
541
311
416
649
115
21
971
647
351
627
579
844
500
29
235
574
941
959
113
762
129
109
989
446
2
57
347
150
59
935
391
941
223
24
583
283
408
11
628
804
570
668
542
418
463
228
368
92
509
869
463
167
891
371
477
433
322
970
648
59
673
821
589
416
236
637
622
476
446
951
167
930
332
308
193
461
566
571
982
773
688
256
641
189
473
224
50
852
547
150
961
437
363
570
132
748
80
127
183
825
606
892
646
557
703
532
835
584
178
16
866
751
988
875
370
418
180
400
942
12
588
769
929
296
990
729
568
761
177
444
382
440
388
157
167
796
610
85
485
940
389
466
674
531
283
211
449
487
201
713
568
679
185
171
238
836
963
350
566
974
964
75
407
734
634
427
363
831
708
573
807
96
915
2
623
122
96
398
13
780
280
81
560
463
875
703
256
218
918
331
833
260
518
510
976
314
60
940
897
856
848
617
778
628
905
472
763
183
547
117
741
566
338
786
695
883
514
943
858
931
172
145
913
378
740
548
578
406
25
310
62
155
500
157
932
662
302
932
558
403
939
73
671
801
590
268
922
732
815
93
800
116
82
965
684
703
704
401
888
358
894
358
158
238
55
586
66
181
853
33
581
581
386
455
991
100
473
112
788
472
625
845
590
931
509
946
74
535
473
229
958
901
45
200
508
582
914
434
747
4
203
742
879
783
512
220
730
627
974
584
230
592
612
416
732
50
767
227
728
109
513
531
707
624
74
679
536
186
946
410
186
40
365
784
270
883
966
807
420
290
216
446
561
888
998
367
290
629
467
459
814
688
705
638
491
672
35
255
709
832
683
545
680
564
399
191
227
827
147
849
84
959
806
439
893
67
970
819
626
707
390
907
718
488
595
497
335
726
293
598
848
712
99
588
606
671
766
996
490
808
140
462
483
618
376
854
881
266
745
425
702
216
629
2
442
775
826
193
968
901
855
501
535
548
1
371
861
219
832
222
301
973
329
817
568
928
425
101
112
740
615
70
980
868
895
633
84
97
146
831
845
573
28
588
953
638
927
934
617
5
993
663
433
524
125
728
886
811
433
514
351
725
82
229
287
785
520
667
652
368
288
764
73
2
377
727
946
741
863
929
2
491
484
108
747
951
636
457
743
168
747
272
663
632
481
120
492
799
302
168
119
261
282
249
716
229
591
431
147
397
782
145
948
504
513
859
241
973
482
335
150
63
923
485
620
17
101
440
521
258
236
147
440
696
810
740
210
235
391
518
360
205
311
346
385
602
323
160
120
621
878
518
318
967
19
57
337
796
628
699
129
152
910
889
162
635
705
253
693
772
650
7
583
963
974
944
751
578
100
19
694
940
320
900
379
717
829
473
677
754
404
413
606
691
389
209
295
422
184
750
896
71
467
348
970
872
935
354
992
75
305
759
696
610
6
188
831
10
510
444
805
233
575
938
368
238
400
891
574
765
649
330
394
350
123
623
474
972
930
506
782
476
480
603
450
645
716
996
686
202
378
285
912
740
944
663
495
528
979
732
473
44
779
227
425
975
366
347
488
382
713
858
80
4
662
330
753
972
489
723
521
403
206
373
388
365
418
653
406
459
129
946
992
198
34
738
696
253
178
474
279
370
509
304
488
519
206
908
78
614
910
523
39
257
211
71
838
407
839
61
558
712
940
29
254
767
866
881
970
923
633
500
794
15
444
152
893
901
884
869
159
509
576
792
548
605
907
736
987
963
900
290
413
118
916
567
430
480
50
721
652
324
938
155
980
410
728
24
812
60
177
936
522
970
901
49
137
149
481
649
860
131
894
8
23
344
87
677
99
877
722
414
852
164
217
834
571
421
811
139
876
883
923
928
786
964
768
443
216
867
431
281
999
401
860
522
430
931
132
637
323
52
925
935
337
763
85
359
753
67
478
715
338
342
772
976
207
966
221
59
576
644
461
232
446
441
414
451
303
694
405
639
290
174
815
825
957
988
591
24
880
409
689
150
389
716
943
657
629
884
316
464
711
73
62
679
591
694
489
896
349
633
56
60
662
839
425
164
527
946
19
218
375
197
179
167
954
311
842
730
498
757
822
419
379
941
928
217
113
137
234
264
500
695
675
247
353
630
488
550
291
780
131
682
865
98
89
514
894
895
725
280
851
758
398
591
811
637
680
720
910
209
52
391
713
755
718
680
522
931
813
324
823
292
440
717
626
140
554
281
852
415
323
217
411
953
412
742
297
84
436
716
950
767
640
82
728
740
969
110
380
408
991
962
82
401
456
560
318
681
964
671
84
399
867
495
885
834
979
759
343
975
384
438
496
98
374
57
652
358
988
886
170
444
901
445
423
361
135
11
497
852
424
616
119
764
632
551
899
145
197
894
761
211
767
404
25
553
466
984
28
400
907
959
692
79
501
640
498
423
73
524
699
968
262
491
552
767
320
731
466
823
157
508
162
95
126
959
677
498
420
869
894
151
983
98
944
465
924
41
264
992
53
476
72
672
195
792
948
276
852
258
234
735
519
204
244
400
798
597
952
542
963
1
4
203
630
548
985
165
546
88
843
280
468
473
770
680
436
489
899
333
11
401
645
163
636
159
632
779
854
544
666
327
88
721
29
53
473
869
42
646
807
784
729
765
414
954
268
46
434
563
964
309
697
619
531
562
355
841
567
471
916
207
311
3
421
517
192
746
444
717
208
567
447
253
526
227
671
880
748
681
891
587
345
291
579
358
629
468
191
467
697
631
302
571
730
600
474
727
345
897
762
521
601
716
355
398
861
444
94
305
891
474
93
885
580
329
861
20
423
63
887
724
556
977
20
576
265
876
523
925
752
944
536
851
919
370
986
628
936
182
497
185
375
886
575
224
538
416
991
402
739
455
304
282
10
38
965
623
696
778
134
984
921
168
552
947
938
242
966
210
342
233
83
242
566
702
350
669
402
796
38
848
885
121
187
298
640
255
842
881
404
364
931
158
49
512
264
207
334
628
285
297
450
781
60
507
372
63
716
307
688
296
221
900
740
285
100
800
981
254
308
684
400
85
806
978
301
925
194
54
439
143
335
774
512
741
399
105
62
680
925
577
538
535
194
108
143
32
417
763
413
463
226
81
321
601
897
365
974
81
206
447
869
662
867
546
961
447
388
999
886
995
739
301
329
730
146
864
891
698
836
269
508
430
641
976
916
255
453
910
844
34
130
981
474
479
708
875
667
648
147
696
643
418
877
418
724
924
752
590
455
33
474
277
245
937
938
439
22
891
629
706
993
478
156
852
865
757
827
849
23
270
198
244
552
140
625
91
553
223
252
992
503
862
455
811
559
853
736
537
540
269
854
775
19
441
703
166
262
25
552
966
98
902
568
185
834
230
725
106
312
848
886
798
640
637
203
131
23
344
294
13
22
291
310
754
416
422
225
111
436
459
828
528
671
285
894
601
295
271
976
330
128
631
225
691
382
56
136
382
238
573
144
918
731
539
945
807
592
814
769
413
6
614
669
852
21
358
128
355
742
601
836
752
367
963
884
390
66
618
372
361
287
842
873
863
316
909
797
132
340
88
10
480
501
564
324
514
962
373
671
24
927
780
640
636
736
392
552
767
654
555
742
973
442
408
126
163
741
805
537
111
561
995
16
654
592
356
251
802
640
371
428
692
947
348
433
506
203
237
127
923
358
30
477
784
346
36
39
93
439
162
773
157
836
561
463
932
765
985
45
381
142
749
128
284
127
50
27
94
975
620
959
504
678
613
752
531
519
231
309
557
317
158
364
478
597
272
856
387
885
501
741
218
193
746
782
608
902
194
657
296
10
944
118
819
202
269
478
223
808
931
413
535
676
488
64
983
386
649
686
855
194
639
209
475
879
742
312
932
830
145
628
326
573
13
547
373
41
545
277
329
793
633
579
953
88
206
541
704
682
799
223
253
507
802
103
370
736
643
940
459
956
546
392
664
304
88
961
663
940
691
943
840
373
358
62
560
61
255
387
673
202
607
250
32
921
375
818
771
910
178
637
398
605
817
372
248
241
914
650
999
245
877
764
991
855
382
880
150
740
543
309
481
256
267
258
349
296
361
742
928
269
191
753
763
54
546
236
555
985
814
319
146
605
388
429
324
843
259
177
539
495
669
32
368
868
157
142
338
559
23
951
880
173
722
730
54
125
2
938
310
147
325
164
925
224
163
876
868
838
934
506
38
184
203
433
600
159
386
895
897
404
897
996
962
862
438
973
882
657
375
199
842
321
866
393
170
506
106
144
705
280
274
500
625
517
914
696
970
289
131
894
739
106
41
905
249
329
201
64
786
190
993
211
464
735
663
717
317
809
264
94
54
242
190
617
131
398
372
446
947
741
4
593
526
480
460
736
280
961
145
841
305
43
358
516
286
63
37
889
853
198
379
161
26
37
841
497
916
423
775
850
957
755
116
45
186
401
685
983
276
927
437
356
665
422
789
12
884
673
331
68
362
482
592
750
362
843
568
490
638
963
819
856
187
294
884
549
927
313
330
885
378
53
614
926
760
24
495
604
248
830
613
243
92
707
489
475
164
365
682
343
832
195
345
313
108
581
170
371
538
240
84
571
344
446
690
310
868
666
990
339
348
964
242
808
350
576
764
480
805
409
386
562
631
987
53
183
707
302
818
180
854
124
66
8
746
42
899
646
17
179
607
498
375
344
995
868
953
537
962
531
816
690
566
130
854
522
940
357
393
508
602
567
847
811
485
224
898
234
62
309
677
119
463
626
801
888
188
288
991
185
230
171
339
287
363
164
558
936
154
225
102
543
254
508
577
41
650
563
858
771
970
719
475
653
854
698
227
939
328
966
334
652
365
209
279
431
228
560
448
321
666
962
81
837
207
134
864
954
49
761
238
624
429
221
214
511
696
686
433
665
937
618
608
188
890
449
179
46
230
147
813
91
116
538
106
8
638
637
447
721
833
272
891
566
728
709
224
144
994
768
734
541
128
783
384
48
354
892
946
758
954
819
725
902
948
148
509
891
116
207
872
59
239
711
831
665
727
43
459
182
226
36
52
462
412
272
962
332
154
58
653
746
691
689
766
15
547
988
618
581
201
332
29
788
896
675
303
416
952
718
321
312
433
765
532
919
767
263
490
676
185
177
737
58
553
126
368
550
945
816
118
738
424
877
981
894
7
264
566
736
969
546
380
436
737
342
314
926
157
846
248
285
499
941
397
24
594
970
235
770
308
752
471
136
600
582
887
555
784
638
912
504
697
753
707
639
796
302
321
211
812
442
394
100
569
833
240
483
481
957
300
37
29
795
429
218
76
245
835
155
454
758
142
519
933
743
587
745
235
758
227
293
649
24
958
865
358
372
567
767
342
405
74
826
338
876
476
902
324
490
563
552
466
166
757
54
300
874
166
826
246
495
249
723
730
7
387
5
836
564
859
703
677
69
812
49
684
316
181
58
267
685
421
744
195
675
826
484
267
905
565
484
206
741
521
847
157
351
96
331
489
472
66
760
630
859
874
398
353
708
369
984
693
108
559
561
74
504
529
56
181
903
738
931
998
376
498
936
547
964
891
334
220
849
568
795
620
660
114
335
800
428
131
558
536
581
790
98
182
959
774
653
821
40
151
586
734
134
762
255
362
938
850
388
817
35
764
843
539
763
941
413
390
195
256
752
772
180
396
418
585
400
754
588
191
239
512
180
699
982
62
486
898
858
972
862
578
743
741
501
816
946
558
419
19
361
263
627
784
398
814
554
737
345
669
962
184
263
197
578
523
585
145
557
702
455
514
531
222
394
175
29
439
895
601
639
841
336
569
829
975
884
396
301
169
507
749
554
190
10
678
315
546
163
978
232
801
2
716
564
846
731
406
391
224
785
116
842
743
31
122
847
694
368
602
638
190
843
388
195
705
960
342
212
715
859
483
276
916
370
837
839
620
5
982
244
479
5
77
384
392
906
811
159
888
831
621
179
560
340
43
957
613
522
858
886
390
194
675
364
302
840
925
374
193
282
228
689
385
359
159
185
767
5
803
799
149
183
324
883
239
305
715
577
328
879
226
99
146
97
854
286
330
712
82
551
980
438
966
606
604
931
794
202
181
857
191
609
718
59
738
207
869
791
126
997
126
349
46
313
56
130
543
289
504
873
855
55
922
252
819
711
217
718
280
307
511
513
396
470
688
617
380
87
359
648
416
538
587
85
426
631
392
653
550
475
388
505
697
307
3
137
687
467
240
27
989
152
512
819
486
612
952
576
624
439
750
457
930
856
458
317
468
837
825
188
319
564
168
805
918
6
815
89
467
552
929
912
847
332
658
265
26
768
598
814
679
816
29
112
724
931
575
841
849
685
669
849
641
52
707
426
983
706
900
481
797
863
109
73
509
837
609
598
199
193
292
700
239
12
509
503
535
57
81
987
430
974
240
782
883
80
271
795
624
232
281
319
867
118
17
815
707
956
602
887
322
977
642
656
394
969
611
630
543
205
890
927
626
913
51
822
624
327
190
430
566
814
974
966
912
972
832
122
994
694
795
579
455
194
665
453
332
583
388
914
469
641
253
419
342
353
693
954
67
195
192
381
767
173
321
508
3
676
744
422
137
490
635
848
410
312
473
433
248
598
491
42
938
276
960
925
561
555
625
559
279
877
55
800
503
414
812
282
872
158
450
656
838
966
777
979
7
404
10
30
880
261
707
468
704
150
442
492
212
396
946
448
51
185
143
259
435
835
346
995
500
191
560
91
149
835
203
972
498
981
919
158
545
595
679
19
171
587
97
353
972
321
71
477
211
2
605
653
823
518
545
171
58
15
530
689
701
616
320
869
947
470
993
231
477
789
902
456
506
125
88
847
738
993
24
179
121
84
879
147
230
549
149
979
436
748
100
531
66
990
317
554
267
228
406
502
327
839
1
422
99
150
148
698
430
697
433
65
991
351
568
618
737
174
639
398
321
14
794
728
689
372
391
516
807
534
581
511
588
521
852
282
83
457
48
81
402
450
549
739
315
36
539
714
422
699
817
94
589
8
182
313
45
272
733
726
759
631
891
896
116
921
477
471
499
287
535
281
126
558
995
870
465
56
413
654
833
676
94
108
716
488
922
580
339
539
237
811
724
321
322
770
559
652
623
394
558
69
216
136
165
536
967
31
13
312
848
989
858
79
893
83
537
783
180
628
999
897
133
959
50
724
557
805
237
225
311
812
432
20
96
765
461
958
943
180
520
891
567
27
691
248
952
645
427
239
233
776
473
994
394
661
935
257
87
441
979
163
794
787
1
37
557
838
983
129
622
579
840
1
109
108
330
106
268
801
771
912
378
997
991
535
340
438
626
434
829
204
872
502
201
357
98
780
26
655
691
115
662
299
617
654
936
472
886
287
332
830
988
285
670
68
785
796
795
466
697
119
213
549
299
418
706
338
799
751
10
549
80
613
110
657
250
79
381
338
599
867
552
339
103
998
216
587
832
133
572
302
984
560
957
572
901
113
999
199
948
598
673
135
277
782
751
375
176
14
817
706
416
458
867
830
567
873
446
301
203
119
505
667
180
708
565
520
655
537
755
138
79
182
389
1
194
417
63
320
248
840
412
819
315
865
886
527
692
128
6
28
666
699
996
829
94
7
954
569
218
231
720
638
258
680
628
234
69
867
636
150
811
127
53
362
706
686
352
314
821
38
827
528
532
728
471
380
186
560
906
188
462
493
102
17
121
774
562
635
238
652
458
825
492
855
216
540
647
634
123
408
655
641
747
180
404
192
107
530
210
248
48
509
960
448
687
319
25
36
242
932
124
716
77
169
580
2
36
676
512
930
732
552
437
499
533
821
745
921
613
928
667
33
426
989
605
949
865
44
169
897
516
612
392
191
284
938
564
579
600
403
156
430
18
279
515
496
72
462
915
865
573
103
423
313
265
92
291
87
564
631
137
992
508
614
415
121
160
247
215
595
258
167
322
210
772
237
15
147
474
110
878
404
129
303
325
413
190
79
925
193
647
477
15
969
267
164
922
403
864
395
336
824
247
320
608
406
781
213
541
28
77
145
612
455
752
732
863
206
290
3
931
81
322
23
947
780
153
353
943
609
315
612
282
80
773
55
157
808
694
918
632
976
538
897
116
503
864
560
217
534
300
717
114
862
463
255
502
224
373
828
254
428
269
932
713
465
862
533
681
698
576
56
511
371
371
954
543
424
907
444
915
592
136
409
309
597
498
420
616
519
552
932
436
865
665
204
708
606
185
650
641
332
879
518
958
245
206
742
492
509
712
78
317
928
913
661
293
859
623
116
966
442
916
163
146
643
619
645
706
167
247
936
240
258
803
583
713
617
451
65
392
756
928
108
806
475
616
507
952
4
911
848
983
69
683
200
416
716
372
316
625
560
36
325
262
775
838
59
126
330
947
675
409
559
723
211
513
808
356
671
27
113
692
703
256
399
953
171
575
604
168
996
246
136
439
831
721
604
845
31
637
557
382
623
56
237
439
424
345
472
686
607
361
700
289
513
867
333
69
863
822
667
484
522
162
950
430
273
120
892
489
908
963
325
35
469
730
70
647
20
959
529
825
103
917
561
636
545
847
926
963
389
535
981
209
969
74
860
461
105
806
167
305
453
983
777
643
37
665
820
782
798
685
50
904
294
841
382
604
601
315
884
426
194
928
101
374
981
116
66
396
870
608
542
213
793
224
372
120
141
917
599
879
27
144
166
703
486
78
915
128
691
256
860
790
921
740
112
525
882
404
662
920
600
424
911
191
144
836
111
70
469
263
464
683
716
6
399
50
763
398
887
904
201
937
704
614
747
752
291
54
113
847
237
736
256
679
279
603
233
974
559
650
966
845
659
429
792
177
75
916
341
63
762
484
517
758
719
663
720
297
443
392
545
58
957
622
26
728
428
38
727
796
817
788
839
237
937
356
279
275
822
570
677
375
712
51
86
753
219
498
959
616
882
935
532
167
105
908
888
37
403
65
749
38
189
545
246
973
644
280
820
364
385
445
475
873
714
171
346
906
536
272
509
929
78
112
913
882
257
672
133
29
468
242
872
758
821
640
186
168
805
112
109
939
677
596
231
438
460
658
453
934
563
981
501
131
555
819
959
78
631
363
717
972
148
792
896
143
573
716
53
74
984
179
102
425
164
570
253
482
880
476
422
598
220
198
466
486
741
741
203
2
681
109
536
442
394
137
791
885
699
89
864
744
606
379
949
385
879
76
967
985
567
478
197
155
941
120
752
949
327
410
402
832
513
51
393
876
642
660
31
27
778
368
782
792
611
678
991
840
249
82
606
665
773
217
435
204
911
382
500
275
384
841
558
290
686
33
231
556
986
74
742
220
46
941
208
199
695
405
543
264
128
912
701
246
803
737
59
297
616
189
964
261
160
755
642
937
809
493
107
578
447
436
853
176
339
387
619
832
10
236
508
507
838
237
148
472
141
313
486
948
974
934
939
797
110
482
60
290
299
271
390
203
299
965
816
692
59
526
906
417
118
227
287
381
680
457
422
923
608
171
796
496
7
158
604
513
496
57
66
856
328
329
533
739
845
306
209
873
420
455
413
615
406
70
830
747
647
559
117
652
61
136
682
128
474
893
196
141
361
303
196
3
460
51
90
789
693
547
535
375
249
549
504
153
757
182
91
937
328
857
866
937
939
414
796
192
647
406
266
952
110
68
513
117
259
411
156
356
980
42
54
100
24
742
403
511
632
529
370
293
803
259
813
503
437
259
63
46
254
897
142
288
282
583
265
181
37
387
893
347
27
734
956
286
803
766
914
198
12
285
559
118
36
972
150
850
255
10
680
1
348
110
102
83
899
766
817
440
477
222
475
246
635
24
266
69
302
527
700
670
344
865
34
968
339
25
253
309
434
415
926
27
707
892
998
916
633
874
387
38
948
475
720
789
810
314
482
12
707
82
548
728
310
10
657
483
76
133
744
875
514
509
6
63
296
448
539
743
26
350
435
428
141
662
722
869
145
245
159
25
542
241
602
353
866
198
717
697
236
515
840
500
131
512
523
440
469
658
494
362
775
739
986
357
646
121
588
647
288
788
339
831
974
719
333
274
906
653
196
99
731
841
507
510
509
934
298
628
139
282
401
486
750
796
249
803
254
245
707
745
610
70
410
448
177
9
526
411
179
250
534
815
462
396
631
934
232
477
848
711
823
959
508
6
388
852
81
178
470
530
20
661
946
450
488
661
431
60
334
500
409
886
449
889
748
585
24
355
165
315
571
777
397
995
922
650
561
404
61
324
928
348
940
649
230
872
869
12
907
970
503
173
144
348
302
936
510
619
258
802
828
725
13
156
959
243
265
950
528
837
100
28
999
10
572
61
945
800
659
875
715
13
448
195
812
399
634
49
693
986
141
942
146
258
496
203
335
785
690
987
608
919
484
70
870
475
173
134
776
242
990
709
960
383
87
816
278
818
343
561
609
216
257
542
697
158
881
742
514
370
726
161
111
671
268
796
528
378
325
337
226
500
273
452
995
431
981
763
171
679
924
517
443
129
379
393
662
942
372
712
594
431
620
406
516
830
599
289
116
291
289
899
493
6
335
109
942
805
546
267
176
118
571
834
445
209
718
981
293
874
135
585
6
612
743
795
879
866
936
166
832
693
648
880
391
25
25
437
794
270
450
857
397
106
537
476
859
785
960
307
112
617
996
241
156
703
893
881
263
540
229
76
868
380
435
483
470
691
444
420
185
282
188
23
425
278
189
900
75
267
936
94
906
629
54
215
696
408
724
687
132
143
174
254
41
374
988
17
671
55
6
168
342
540
123
830
430
973
815
878
515
993
806
995
604
135
170
240
327
220
786
63
967
757
289
42
108
933
981
51
289
173
229
21
261
768
752
366
507
223
785
723
592
845
173
138
337
178
650
905
204
749
689
451
268
943
200
584
252
81
722
496
991
764
590
342
764
785
734
835
383
804
732
104
435
63
471
123
584
152
704
929
283
77
847
540
483
778
752
318
569
168
114
426
500
289
731
827
256
830
373
552
443
815
523
400
17
586
17
206
473
78
1
100
377
792
214
915
917
50
859
986
33
417
266
215
690
307
603
146
332
643
867
754
778
153
487
467
553
447
523
896
761
547
844
491
168
14
50
707
76
816
909
206
971
386
519
27
549
309
709
710
982
870
873
829
210
247
322
224
306
746
362
471
526
962
225
485
572
774
47
676
257
895
71
515
734
661
782
392
633
460
918
245
738
813
914
891
673
15
282
921
692
825
402
330
454
439
679
10
162
34
455
774
262
33
453
88
799
359
96
548
464
929
590
846
828
118
732
713
49
333
812
557
493
126
984
431
494
740
62
295
982
773
231
600
6
144
983
706
360
826
93
315
919
733
458
762
236
555
502
337
707
965
960
828
222
897
281
137
49
23
593
59
298
801
566
690
699
990
841
684
135
27
354
222
241
497
638
760
668
222
196
939
239
724
588
17
812
403
378
108
862
846
657
338
234
34
18
118
167
767
64
245
714
817
202
680
612
739
587
724
260
521
468
826
826
654
820
573
213
549
877
297
613
733
822
288
369
16
988
208
479
520
593
900
158
951
225
422
523
907
404
74
815
653
848
341
379
831
511
579
214
445
905
618
889
767
632
981
994
914
312
597
750
380
246
739
927
567
668
875
430
398
50
305
145
804
482
959
884
481
909
538
504
409
993
35
615
975
12
391
319
244
427
608
596
807
323
435
408
109
414
811
163
636
150
815
395
600
473
86
285
672
97
513
6
773
93
341
386
211
125
952
556
278
556
186
970
441
709
337
481
47
551
775
68
99
376
868
260
179
639
15
503
925
106
646
147
914
603
822
715
981
50
198
983
462
255
885
81
963
844
953
891
136
605
239
122
321
445
906
398
225
82
208
572
111
450
630
172
909
39
57
837
886
622
499
996
354
791
606
843
490
788
297
334
685
123
367
321
867
525
826
469
697
424
491
900
842
625
873
13
624
714
171
924
788
117
6
513
106
242
767
529
839
64
907
437
784
873
886
987
83
310
305
384
213
587
141
462
132
598
155
728
918
594
219
776
617
372
546
569
118
853
215
625
758
297
630
633
516
54
116
968
739